13660459721
18225830761
13361427598
13437284695
18049752613
13935094268
13915729863
13882531479
15268742903
13360741928
15045293068
13497023854
15702547618
13216097524
15158603917
15904628179
15040291376
18950728641
15693278514
13891845273
15826918743
15617459823
13595274316
13638470269
15017498026
13121896740
13307836495
13757021834
13983102946
18872850613
13848763195
15359460728
15991053476
15745639870
15573981452
13448567091
18812985706
18812568094
13309648172
13931048259
15084270953
18515807624
13001574692
15627015684
15814820739
13980741362
13517239805
15942380965
15258460937
18763792501
15358479620
13056872304
13265138749
15876350948
13550829671
15975289463
15617835269
18978943250
13406579248
13532740895
18856279083
18927581409
18694263817
13112547893
18954280137
14741795806
13712367849
18274213506
13227086495
13201235879
15350961283
15809437251
13734968501
18813506427
15568473902
15090247568
13924360517
13829583174
15896804315
18826508937
13193701586
13236754298
18015394708
14731746092
13526349857
15870241593
13575603928
18986419507
18064901832
18894102587
13851943802
13612703564
15258316024
15290173524
18513580267
13497243581
15378016549
13290431527
13612843576
13754921706
13810385724
13940531876
15830526149
14764109357
15826074139
15187053694
13465479810
18547158206
18668105493
18254732091
18709475268
14771948502
13875618209
15537150896
15941267530
13249036215
18893057614
15630814726
13238542109
13110624837
15696130854
18028694735
14728539746
18610546723
15241759320
14752680391
13015280396
18038472019
13701293785
18623769045
15184032615
15352174806
14761490728
15645097281
13402957386
18061203457
15703416785
15898574263
13619205867
15670684521
18584230165
13189645130
15006427391
13864513279
18834671025
15805934726
13797263810
15516925483
18023906148
13987365012
13627930615
13657819206
15571065938
18858167920
13149730581
13773259610
13194708652
13608245367
18818975342
13474285093
13995617803
18605342786
15641708265
13507542681
13772035648
13460451278
15869213478
15350271843
15789265704
15331970526
18871635280
13235970426
14720873961
18830419285
18205418693
15132704598
15778230946
15060512478
18797582640
15603617249
14734057682
15661857924
15769582741
15113847925
18972094613
15597516243
15365294107
18875042168
13520169348
13125670483
18992601453
18510734259
18797481052
13225378601
13887534190
13623476890
13457861302
18871345280
18958641730
15718509472
15531876952
15286902147
18207542963
13740563829
13785064731
13839801524
18243075218
15038702165
13174850693
18736217950
15759870231
13118924065
18647856213
13642106793
13669172385
18941980675
15825361409
18654901362
15793204781
15726149350
15584096327
13065921704
13626075819
18871538206
18230129854
13567930512
15536785409
15041392867
13984270615
18837891250
15006723984
13029867314
13701723954
13460981452
15228913560
18841750263
15027541906
13891470685
15832719048
13294250138
13915923864
13765937240
13031460597
15006847591
15321389064
18645672093
13825431760
13005723968
18638750641
15151372940
18535061792
13753219847
15158970612
15232580479
13139487601
13028971065
15386253719
15134075291
18560784235
15187602341
15757982310
15254902681
15959846137
18573126059
13238462910
13879814560
13560243819
13014786593
15516580947
15264195278
13926970453
18086713405
13958340269
15929873610
13084651973
13419406357
15039874625
15643962108
13908473512
13814698075
13212093457
15197638241
15769308257
15631095687
18650476193
13740652839
18014273859
13460589134
18727194536
13436907248
15367145839
13164258397
13475013924
13414590672
13990635824
15008742165
18052309461
14751840329
18224916780
13978906532
15670356948
13250987412
18230492578
14782796540
13426714958
13928376194
18026918537
13043506978
18819704538
18036402589
15712908463
13780672159
13398605137
13335820694
18282543796
15209157328
18723879405
15251974832
18014829706
15863924051
18960293741
13940298613
13165342870
15379403615
13812380596
15190836425
15741805376
15872185943
18779086532
15996217405
14734059716
13480541679
18052467038
13765041827
13671409853
15950274691
15331578249
15536128047
15532809576
15324960187
14745912607
15641092875
15970598163
13905283697
18632401859
13702576193
18857928134
13635826014
18886219745
15150982136
18926073519
13168237045
15070821435
13835784109
13550637194
13937085241
13693257648
15770269451
13596147530
15869715483
13861354872
13380219437
15017864350
15682631740
13671826305
13418096435
13059482031
13283741629
13995468370
18614932568
13047306859
18734271869
15860187235
15647239561
13169817043
18910948765
13184302591
15798076513
13803842196
13768245970
13210379582
13390287315
15724610837
13667051293
13143271650
13173401259
15850462398
18234510729
15250683917
15253097168
15670624138
18558390426
15137092854
13778903516
18876395021
15586930271
13671943825
18017469285
15827491653
15345396801
13514379056
18553498716
15383026194
18990184672
15729067548
13883926715
13186421079
18814598036
14704731269
13442350879
13868423195
13767512408
18512967048
15848190372
15335798016
13881205743
13154391206
15625694017
13878102694
13303742895
13776123549
18264987235
13791705684
13061592873
14715879430
18843695107
15031850476
13771583609
15069185472
18281360754
15224057139
15692746085
15542359016
15356073894
18694017356
15349280731
18935260941
18284301529
18560872541
18623084571
13287342019
18052639870
13106987453
18737940268
15815729046
13161342078
13254680129
13832074168
13291078265
15903154792
18978506294
15354629781
18261297035
15163780952
13286913427
15538265719
15660943157
15984275631
13557842039
13251047938
13743906817
13439725406
13161478230
18095423176
15276439280
18692106843
15534691207
18701964783
13119372460
15067521830
13968501972
13028079164
13167105982
18712689740
13901634978
18007395412
13353490187
18261749380
18905178963
15504867159
13795028763
13939678140
15826915748
15062309547
14751827940
13321803546
15639017625
18240598236
15391876403
15905129736
15319567480
15031246809
18619607342
15526814359
18051879324
18073864109
15369380514
13560932487
18801387965
13095738216
15662075318
13898362451
14726571038
13646517839
18938645710
14753918472
15587206315
15248173560
15603482567
13309356421
15060854132
18698673154
15752903684
13786415793
13315493762
15007132549
13939416075
15069051438
13470159634
15125197086
13928073465
13558476321
15320617934
13442183957
13396120458
18586794153
15517934250
13847519280
13916457082
15063907248
13351649380
15615348627
18858730641
13562473590
18824965738
13965903481
13213069548
18976845903
14709428653
15620419763
13012369547
18746258109
15850397461
18098265401
15136487529
15790132478
18268742501
13312790385
13614079238
15580293547
13018270653
15843109857
13714230658
15248027916
13054278306
13030841297
13905392784
13393285174
13240293186
15026903718
15680763451
13002851364
15875961428
18987603514
15341836295
18621054973
13940315726
18509748235
15919245603
13230459217
14713620574
13378695134
13618954270
15254182709
15743780512
15048912053
18738514907
13773064589
13451872463
18803461952
13581967304
18916958273
13693674281
15298416325
15397034265
13034097825
15853098164
15276348095
18838560294
15887325096
13085932164
18875104369
15372943506
18545830926
13627609148
15214862573
14763872495
15375401639
14705231679
15656374290
15912536908
13386537402
13147169520
15158369017
18634617089
13436107524
13176253418
13147312690
18896158702
18931268705
13350928631
15553091278
18512640897
13827094861
15202735948
18981695742
13191406372
18671539462
18617685403
18227346810
13752493876
13705637198
15186015794
15029430185
18549382710
18261573094
15561924578
18583591026
15761953287
13472095163
18284397602
13607458162
15074296513
15204523186
18727813965
18804582136
14765840327
15170682359
13790874561
18938652740
13798134205
15973180245
13249256307
13535678204
13942507389
15963092814
13092653801
18904532968
15089572163
15835827016
18921087659
18745718962
18938912576
13252740893
18649263857
13960312578
15954091826
18669304817
13810968752
18003854619
13590281345
14737098214
15192753846
18715703298
13868549173
13050764128
13605618349
15941976802
15934702156
15589236754
18897561042
18508973645
18058942360
13271403592
18798361275
13361257098
18629510378
18983075941
15223879504
13798607421
14740283975
18021430957
15195048732
13069053714
18096241835
13142035789
13294560271
18560794321
14747320861
15304291873
13865473109
15707685391
18516983540
14796148270
18984792105
15307862531
13707489521
15330528176
13909254836
18607319458
15214625830
15108579143
13367024395
18071862359
13196520187
13075016483
15898271065
13647835091
15687259014
15806327854
15092354671
18074059261
13517048325
13252049183
15147138625
13561930257
15623718956
18071625908
15995018364
15156241039
13946251807
13319286307
18032570691
18860124853
18983956072
13153461789
14759041376
13764910238
13267253180
18530462951
13728546139
15574896301
18506287539
18914738250
15892607543
15158143062
18237260915
13465039271
13152349186
13060915743
18781794536
13959243861
13845139708
18539258674
15623409718
13710829475
15560754321
18221645890
13292781503
18837912846
15623856094
15160847123
18940379685
15227503469
15971843920
18759248706
18535287496
13119085736
15251068429
15703284691
13129081654
15636189257
18598436057
13848617502
13368421307
18242860975
15336592174
13804197328
15858627319
15147612530
13493265178
15757249031
13975021964
18036509274
15067213850
18214563809
13898641270
15670583162
15856081492
18748950321
13106581492
15346802395
15082743065
15870658942
18864580137
15358309271
13903598471
14709473852
18798734560
18609417536
15097624301
13812903648
18718537640
13420483697
18261582490
15375698421
15647639528
13339506827
18940753162
18096812470
13627168594
13695872304
15829371054
13864183792
15576859014
13408615243
15798154702
13214263085
15169154827
13303261895
18573968102
13394275601
15090847362
13260354712
13050376841
15531207549
18931986752
13374359281
13147120936
15343265079
18291845236
15053470196
13893027584
18031507948
15065983270
18980251934
18784536701
18813269058
18214706859
18064152739
13752176043
18020743819
13950816932
15024139567
13447912035
18909147528
18019072836
18941208963
13539016528
13684962350
13263794085
13891638207
15635907128
14714728569
18860419538
15276423085
15742178905
13095023741
15819523487
15257132906
15846572019
13085243609
15841635708
18035297064
13906957432
14780736215
13127319840
13473524961
13818695340
18614876903
13237250816
15041375096
13331298560
14781964720
13264509718
13352170894
15660918354
15269740281
14736491875
18636824095
13345128906
18529504186
15270314625
13096813547
13367192380
18563940857
15686453720
13062173940
18705278961
13764739258
13969437581
15260539418
15230194682
18583195426
15004531928
13732587109
14707961382
18610328469
15587342095
15638671592
15958049273
15952031796
18751492083
15981507642
15904196238
13670895432
18063024875
14725049371
15528076391
15712654089
15638169452
13053982140
13717849652
13848625901
18517450289
15715870492
18974023681
18016387952
13938107629
18962301597
18613965072
13542715830
15353789426
13119254670
13651637048
15104231596
13331724590
15981390642
13993805467
18904239756
15346801729
13940923578
13298504713
15871608243
15303478216
18559378162
15227681905
13368970215
13690156483
15632614895
13386925170
18635074612
13215047268
15713507496
14778294106
13801598372
18908934165
13242169807
15675134809
13402695813
18586735914
13462381709
13153761098
18254721068
18925974630
13708931452
15548130729
18502947631
18026079183
18876483291
13409814762
15061329805
14724975163
18992403578
13309427168
15116835704
13435709628
18892308645
18765981230
15147962530
15175648091
13168023451
13694823651
15837962184
18842916508
13639058642
18214768253
18931590642
13405197248
13759724831
13841052798
15293768405
13101832679
13583549210
15693564087
15613578609
15869524378
13201756824
15103617985
18507931625
18798017642
13608562743
13686047239
14734782659
13848071526
18941076832
13005274369
13556213980
18202197843
15238267509
13908762135
15792174860
18841793628
15329583610
15980943572
13473582461
13776532041
13056918270
13376981240
13264732501
18996321407
18275962138
15860532194
13438427591
13094327150
13380219547
13876204139
14763784291
15964179283
13990851632
13207913842
15992047385
18620765134
14717368049
15563872094
13108634279
15546958203
13531026984
15545693107
13502549361
13662091783
15863027418
18946591287
15898754061
18206874325
18661045298
15115748236
13850126874
13370316485
18086947253
18885367041
15581745309
18776089423
15378960324
18298347106
15707415829
15984513629
13704673259
13039245806
13268921740
18518740236
18549203675
15086049735
14703416579
13415243769
13945679810
13615879064
18565402819
18572910645
15330476951
15756293047
13093548216
15678514630
14748617590
13190378612
13951603789
15719084765
13663124087
18056320819
18049061783
18703672891
13912435607
13578321549
18223097861
18706138759
15892473581
18781947230
13332059486
15584269531
18864851273
15523074186
15703974158
15515437268
14762351894
15259481602
13150947123
15330915268
13370245891
13079158420
15279051826
18708562794
13652937081
18242983610
13375308624
15008276359
18262819340
15647625938
18858290736
13278305942
18765794310
15652701946
14729640537
13248365210
13450716983
18051627098
13594705168
13608649721
15717082639
15206543789
18569427085
18579281360
13057908263
18592378540
15837802651
13119872634
18032740598
13671453802
15316475098
13207295183
15963152084
13584601723
15918706954
15520589317
13330978142
13587259014
18516038425
15364983715
13281297034
15547631952
13828347190
18763218749
18580351769
13198067521
18243019862
15884516702
13660982715
18296187234
13241693075
15768230974
15053769201
15094623718
18524819053
13789263754
18598061523
15071462038
15113806752
15080937516
15303476192
18507935468
13030856279
15206519327
15272043586
18601482953
18951328476
13496570138
14780437219
15017435892
15541932670
13115396780
13704632798
15171029854
18513568409
15383451976
13949826073
18852738916
13648203715
15306854927
13446501378
15196472135
14735481069
15662905431
13734207861
13798610357
13581396052
15130857416
13313274659
18740217583
15236724910
13870345682
18603492678
13291540286
13840872519
13801938257
13185726419
13361789254
13042051963
13856842319
18051798630
18802543796
18875304912
18648073291
13295623804
15771309568
15314036587
13684207695
15317365894
13217542693
13056147398
13636920857
18590214658
13454167803
18071356498
13515730962
15072953618
13498154276
15875402936
13634568901
15745896701
18648179056
14712038764
15918769345
18528761345
13014802397
13368247903
15291705682
13125648317
13856123904
18658213796
18992831560
15380931564
18975398126
18868407915
13745983170
18060152349
15085742036
13805678921
13743710682
15560318294
15212578034
13294512680
15607569218
13560328745
15671524039
18934186097
18949506281
18006185379
18732049817
15925168970
18617832065
13770968452
13238159462
13409316574
13380152436
13565197483
13603621948
18871609843
15834902856
13304167932
18516290748
15642598310
15064813752
18202839617
13231058694
18663240951
15976042895
14747253180
18661704293
15624035197
18046097218
13390154267
15369738245
13914097265
13364917583
18991670853
13649021356
15774920183
13960749128
15347819023
15715236709
13754608739
18932961470
18740375128
18024718903
15160371942
18786015239
13064908357
13753680792
18013075426
18656173480
18953297681
13981329456
18205842791
15521568097
13730491826
18028410957
15845027639
15672310594
18782931756
18219046253
18721358904
18835207194
13548975016
15019640785
15651624089
18772514896
18762785134
18530769214
13556793824
18971063289
15656084327
13185013247
13484719502
18690576342
13671845392
18907361298
13431528046
15021809367
15760815742
18771082396
15840637189
15969325140
15690472186
13308147256
15563425071
18087901453
15965287013
15560158732
13458401769
18876431850
15613675248
13174053892
18043128960
15024517689
13353069821
18927389561
15629386714
18518340697
18586925701
15076250813
13423641587
18735286409
13594682501
18869037854
18724981576
13074065821
18850493267
15294608132
18996450721
15397230614
13916928574
13926437501
13564390278
13210578924
15975621394
15001739548
18298763401
13403815742
13512896370
15849862715
15143628170
13967042398
13778564321
15575801629
13881403569
18719260548
15754276803
13549853210
15665947038
15557623104
15810537684
13158210479
13884526913
15604298137
15706719538
15043076928
14754186093
15648175203
13881056294
18665714839
13264805371
15340269178
13807152934
13040796285
18717256840
15119274063
13476390812
18581465723
13858719634
13501984235
13020851697
18204725861
18717265309
15062349087
15161239407
15717065483
18916379054
13593860547
18852839401
14730968241
15338905247
18953794861
13484732609
18560357981
15649810265
13454298736
18637481096
18742561398
15396805734
13419762083
13316057392
15315768023
15826590483
18981239046
15203684917
13721564379
13195186740
15810386529
13436874159
15290125368
18210285763
15120981754
13961389054
13890318647
13807298135
13146701392
15137582496
18508324761
13114590273
18884907316
14786127943
15791587346
15845861079
18620916834
15157628943
15626134790
18953706489
18847068152
14708312967
13114526879
15719603742
13175013684
18838712940
18227194068
13184679153
18501326478
13532758469
15517849260
13550937846
18627043168
13961247983
15758429067
15050871936
13949572168
13226037149
13220341697
15680934765
15860514283
18640879153
13571435098
13927319865
15793607524
13103725149
13569143570
18656139204
15286059143
15934287510
18735291608
13354167029
18845213870
13732701849
15310532498
15797206135
15072019684
18270156829
15858601742
13739014572
13706287591
18968209437
13738746021
15753620981
15973806542
13782539410
18757819264
13113476850
15507594163
18060124859
15394186572
13689251340
15625437860
13179165483
18552498376
13818420935
15638691250
18239840257
15378306291
18930176258
18049208367
13507632951
13530275489
13379841256
13418592064
14734926057
15383712946
18717293058
13494715680
13006945723
13550642183
15692018356
13283516207
15882619345
13639264508
13556834907
18716095278
13391530826
13793702851
13817025983
18995246817
15289473520
18060974831
15198260547
13361509437
18587259314
15940382759
13634956801
18731689540
18630621745
18837168924
13092670318
15829847356
15104176589
13194357816
15956834702
13742680759
13831845290
13949501276
15618257439
15396210534
15654273916
18297851302
13131725048
15864792035
14718574926
15872081364
18994763128
13265938427
15663748105
15050176849
18083615074
15248629513
18094586130
18545086197
18024167508
15378921543
14701365249
13842673805
13718094362
18786103942
18854280671
15961048372
15241270359
13106743215
13290648513
13845829013
18637018524
18950267843
18752304618
14704852139
14734980512
15725308716
15935901476
18238610427
18201624538
18256174032
13043812905
18719452380
18890146528
18960293845
18073201548
13783145067
13848312675
15069352014
15332714980
15771238960
13060847593
18923871405
15998315076
13701279365
15751302798
13637581690
18293467150
15220763158
18034570126
18803721859
15835197460
15317856230
13414835267
18293701245
15542079156
18263107845
15296208175
13230489576
13109834621
13487420691
18265287094
15159142837
13051628073
18295740823
15983240156
15534805197
18072348591
15659730216
13204817623
13417492658
18568293450
18020583714
15178032516
15630187629
15807892651
13129745861
18951698023
18816309248
18818635940
13390135648
18612397584
15950629173
13080974615
13424301879
15074395281
13203175642
13708794632
18721830765
18667482035
15838204675
18849718605
18516845703
15601832954
18287413250
15090623854
13880769531
15346297380
13767238541
15212634058
18839518742
15365427189
18739510742
18505273491
13789541372
15538067429
18663798250
13380296345
15269514283
13759782364
15538560917
13506495312
15120815973
13687263904
13746879523
18625139086
13368257901
18503427681
13001498526
15637459128
15501869523
15346538091
18034150876
15624753169
15738542069
13296741308
14738407629
18268730215
15653810264
18825391468
13396082143
18531580497
15803681945
15026714805
15575830214
13509516274
15198735064
18714097638
13145623798
15282534107
13335692108
15975213486
15163109547
14775603421
18654132908
15174126395
13852906413
13846801293
18978162394
13014598327
13028160359
18297564318
13765320198
15864812530
15502751849
13761435720
15049386712
15321830479
18250681732
13940189326
18960592173
18547358216
13831862750
18906415729
15769058123
13047628309
15716245709
18873264591
13005781649
13952679048
13620438156
15774215806
18835016872
13372193564
13821734690
18796271350
18836058917
15223960745
18510238695
15382614037
15831052784
13527498061
13157802416
18020638159
18548921576
15387413629
15739064572
13763918450
15963105798
13623854197
13883712569
13706845291
15770861394
13318465370
13545138609
13604279183
18919023647
18056874132
14757943280
15825796014
18051298643
13845281079
13852678134
18932567409
13529517346
18807925184
13797512603
15132984107
13615490368
13178061254
15852098634
15092605143
13135248097
18851028796
13660847521
15156789123
15178362910
15727815403
18245370286
18042507386
15116980724
18271408935
15817036429
15924803957
15115032478
13341075983
15146905823
15847692038
13041287659
13653807964
13804397261
18260578129
13257426091
13853068174
13442891537
18618950746
13110863457
13245076391
13072031594
15121743590
18618376549
15828967043
15331705426
18998426501
15735817029
15972654930
13997264315
15394827531
18945082763
13039627184
15834081976
18982536197
13482341957
14706825417
18609641735
13775028146
13356201378
15574385096
13201374985
15579215480
18958914637
18925604391
18054276318
18971692483
18685403127
13698542076
13321936475
15029360817
15623170584
14706415738
18703687421
13990653278
13998325761
13731086927
15274830162
13997501346
15609261835
13036015924
18765049827
15192614583
15569280415
13836045892
18587259310
18685167934
13729846713
18089706324
13362370548
18873942018
15815473609
13659682340
13636059428
14753827914
18838216795
15796028453
18887430259
15230917256
13252130984
13228170954
13871259348
15917530628
13687690345
13310354768
18247369205
13902194358
13520973684
13308726549
15730741285
15061534879
13251320478
18640517392
18025470189
13565417893
18778192056
15072483901
13429160437
15727638019
13205486793
15104197265
18617683420
18597032168
13018027569
15878145693
14728759610
14741290783
13951062874
15645360728
13342036591
18810765428
15084926510
15913487502
14739125608
15918437695
15728654710
13217349268
13395741320
15253168794
13658261790
13345760931
15360197528
15064902873
18502465978
13525830641
18893475826
15075940281
15673046189
13765084123
18854376129
15707891625
13268354019
15231706529
14710749365
15670538426
18891280634
13306315472
13064028795
18795831026
15705246719
13861539847
15960927183
15686730945
15542860751
13108627953
18241670538
13982541930
18829701856
13278435169
18776302489
15020386594
13348351697
13839475628
15993758104
15820465798
13221634785
15306571328
13812047859
18545238791
15869751034
18972839064
13824356718
13189061425
15368934507
13807941658
13173416259
14774289061
13229140873
13894361825
13790584371
15395867014
18881964052
15013728065
15352067349
15540718695
18919253607
18536015924
15035960784
18992486037
15242759860
18215789024
18239657081
15187051692
13848325906
15313056792
15801568492
13324873601
13859741820
18748067915
13934517806
13464723851
18578513026
13320583194
18575609342
18015362087
18823146905
15283957102
18507362158
13058963210
15605789634
14798147053
18203168245
13265470283
13465972183
18034826590
15958637291
13551208964
14771539468
13810837645
18827105649
18048209137
18992730845
15338162590
15148732591
13339621784
18075641328
18673480569
13109764823
13230451869
15780431596
15325196473
13797280156
13869285413
13607851294
18063258174
15862850931
15570286591
15946057238
18720657839
13748563072
15620719645
18562579140
13694056381
13458162739
13604529813
18564901583
18739852471
15394180653
18673218640
15071904586
14783721065
18007165284
13394826501
13193572084
18985091637
15914693028
18732798415
15352318946
14725019367
13013058462
13475910628
13546308572
15325031947
13889701624
18651829407
15349251730
15372834156
15345167083
18865472918
13714907256
14765289473
